AO-10                   
1 14129U 83058B   01099.73628765 -.00000026  00000-0  10000-3 0  7759
2 14129  26.6338 278.0625 6000332 140.4507 284.0410  2.05864153106068
UO-11                   
1 14781U 84021B   01100.86593148  .00004394  00000-0  67862-3 0  4708
2 14781  98.0283  65.6517 0009510 224.5031 135.5413 14.73803935916129
RS-10/11                
1 18129U 87054A   01100.06931374  .00000137  00000-0  13292-3 0  9216
2 18129  82.9213 289.0308 0011036 320.9241  39.1081 13.72559197691298
UO-14                   
1 20437U 90005B   01100.83230567  .00000587  00000-0  24030-3 0  6636
2 20437  98.3676 163.3332 0011830  57.8089 302.4230 14.30688551585427
UO-15                   
1 20438U 90005C   01101.15492235  .00000834  00000-0  34080-3 0  4476
2 20438  98.3332 156.0136 0010590  57.9144 302.2995 14.29777594585209
AO-16                   
1 20439U 90005D   01100.23410342  .00000701  00000-0  28331-3 0  4626
2 20439  98.4107 170.6009 0011934  65.2883 294.9540 14.30807125585363
DO-17                   
1 20440U 90005E   01100.68998961  .00000802  00000-0  32055-3 0  4546
2 20440  98.4236 173.5109 0011936  62.3768 297.8612 14.31020354585480
WO-18                   
1 20441U 90005F   01100.53614524  .00000811  00000-0  32476-3 0  4762
2 20441  98.4194 172.9397 0012693  62.1101 298.1368 14.30901563585454
LO-19                   
1 20442U 90005G   01100.23839542  .00000757  00000-0  30342-3 0  4612
2 20442  98.4309 174.5822 0012976  61.5668 298.6819 14.31046265585455
FO-20                   
1 20480U 90013C   01100.73452494  .00000049  00000-0  17415-3 0  3030
2 20480  99.0661 181.7548 0540672 101.8228 264.4002 12.83292262523440
AO-21                   
1 21087U 91006A   01101.06794493  .00000247  00000-0  24329-3 0  5227
2 21087  82.9389  99.8235 0035218 345.2333  14.7784 13.74773404511656
RS-12/13                
1 21089U 91007A   01100.14009099  .00000161  00000-0  15436-3 0  3254
2 21089  82.9222 325.4896 0029937  21.6212 338.6199 13.74262248510462
UO-22                   
1 21575U 91050B   01100.21259904  .00001140  00000-0  38921-3 0  1791
2 21575  98.1309 118.1104 0007938  32.6309 327.5368 14.38110466510608
KO-23                   
1 22077U 92052B   01099.92182171 -.00000037  00000-0  10000-3 0   778
2 22077  66.0880 108.9970 0015886 249.4926 110.4389 12.86362859406888
AO-27                   
1 22825U 93061C   01100.55599522  .00000926  00000-0  38670-3 0  9536
2 22825  98.3607 151.8786 0009540 103.7057 256.5183 14.28395035392926
IO-26                   
1 22826U 93061D   01100.18969281  .00001127  00000-0  46559-3 0  9392
2 22826  98.3594 152.2927 0009707  95.0898 265.1381 14.28564844392905
KO-25                   
1 22828U 93061F   01101.19118475  .00000613  00000-0  25871-3 0  9200
2 22828  98.3613 153.4678 0011081  85.4052 274.8395 14.28985639361220
POSAT                   
1 22829U 93061G   01101.20604825  .00000820  00000-0  33999-3 0  9404
2 22829  98.3626 153.8044 0010972  87.6281 272.6155 14.29038113393145
RS-15                   
1 23439U 94085A   01099.91007086 -.00000029  00000-0  39567-3 0  5482
2 23439  64.8161  60.5977 0166456 238.7621 119.6902 11.27541218258960
FO-29                   
1 24278U 96046B   01100.15507989  .00000087  00000-0  12452-3 0  4058
2 24278  98.5571 334.5819 0351186 178.0042 182.2589 13.52767507229448
MO-30                   
1 24305U 96052B   01099.90236026  .00000204  00000-0  20364-3 0  5094
2 24305  82.9356  45.2866 0029128 295.8121  64.0031 13.73287714230192
TO-31                   
1 25396U 98043C   01101.20524738 -.00000044  00000-0  00000+0 0  4907
2 25396  98.6863 179.2483 0001291 306.1104  53.9960 14.22958464143037
GO-32                   
1 25397U 98043D   01099.93941327  .00000593  00000-0  28510-3 0  7070
2 25397  98.6869 177.5933 0000917 359.9936   0.1228 14.22576043142857
SO-33                   
1 25509U 98061B   01101.11947381  .00001983  00000-0  39798-3 0  2805
2 25509  31.4410  19.1038 0362152 146.7442 215.6381 14.25656168128365
PO-34                   
1 25520U 98064B   01100.88562555  .00006261  00000-0  38467-3 0  3391
2 25520  28.4618  44.1580 0006955 223.4252 136.5754 15.08050219134833
ISS (ZARYA)             
1 25544U 98067A   01101.13506944  .00054851  00000-0  65675-3 0  8595
2 25544  51.5709  66.6290 0012644 262.9129 276.9006 15.60318898136601
SO-35                   
1 25636U 99008C   01099.89484547  .00001417  00000-0  38705-3 0  4800
2 25636  96.4653 238.1006 0150961 324.3828  34.7361 14.41819082111835
UO-36                   
1 25693U 99021A   01101.05353231  .00002546  00000-0  40195-3 0  7189
2 25693  64.5595 282.3702 0048901 256.1059 103.4561 14.73746856106193
WO-39                   
1 26061U 00004A   01100.19218881  .00004011  00000-0  14018-2 0  2264
2 26061 100.1891  21.8809 0036886  35.9018 324.4628 14.35537039 62975
OO-38                   
1 26063U 00004C   01099.78834529  .00001013  00000-0  37610-3 0  2028
2 26063 100.1895  21.0072 0037671  38.6797 321.7068 14.34624411 62891
AO-37                   
1 26065U 00004E   01099.88069147  .00001105  00000-0  40850-3 0  1949
2 26065 100.1917  21.1442 0038148  39.9267 320.4707 14.34573105 62895
AO-40                   
1 26609U 00072B   01098.10193978 -.00000077  00000-0  00000+0 0   623
2 26609   5.2776 206.5794 8139221 247.7100  15.0295  1.26974654  2011

